Pradiniai duomenys
----------------------------------------------------------------------
|     Product Name       Quantity          Price         Total Price |
|--------------------------------------------------------------------|
|1       Cucumber             30           0.66                19.8  |
|2          Lemon             25           0.23                5.75  |
|3     Champignon             40           0.43                17.2  |
|4         Tomato             31           0.59               18.29  |
|5         Potato             25           30.4                 760  |
|6         Carrot             49           0.63               30.87  |
|7          Apple             33           0.77               25.41  |
|8           Pear             48           0.71               34.08  |
|9      Pineapple             34           0.42               14.28  |
|10          Peach             34           0.73               24.82  |
|11        Avocado             22           1.15                25.3  |
|12     Grapefruit             33           0.78               25.74  |
|13        Pumpkin             32           1.02               32.64  |
|14     Watermelon             35           1.23               43.05  |
|15          Melon             27          41.03             1107.81  |
|16          Onion             26           0.52               13.52  |
|17          Chili             26          85.48             2222.48  |
|18         Banana             33           0.53               17.49  |
|19           Beet             47           0.44               20.68  |
|20          Mango             27          40.56             1095.12  |
|21     Strawberry             43           0.19                8.17  |
|22         Orange             37          20.41              755.17  |
|23      Blueberry             23           0.18                4.14  |
|24      Asparagus             35          51.47             1801.45  |
|25       Tamarind             27          20.02              540.54  |
|26         Garlic             50           8.36                 418  |
|27        Cabbage             20          11.09               221.8  |
|28         Radish             23           0.29                6.67  |
|29       Broccoli             24          60.66             1455.84  |
|30       Zucchini             22          20.89              459.58  |
-----------------------------------------------------------------------

Rezultatai
----------------------------------------------------------------------
|     Product Name       Quantity          Price         Total Price |
|--------------------------------------------------------------------|
|1      Blueberry             23           0.18                4.14 |
|2          Lemon             25           0.23                5.75 |
|3         Radish             23           0.29                6.67 |
|4     Strawberry             43           0.19                8.17 |
|5          Onion             26           0.52               13.52 |
|6      Pineapple             34           0.42               14.28 |
|7     Champignon             40           0.43                17.2 |
|8         Banana             33           0.53               17.49 |
|9         Tomato             31           0.59               18.29 |
|10       Cucumber             30           0.66                19.8 |
|11           Beet             47           0.44               20.68 |
|12          Peach             34           0.73               24.82 |
|13        Avocado             22           1.15                25.3 |
|14          Apple             33           0.77               25.41 |
|15     Grapefruit             33           0.78               25.74 |
|16         Carrot             49           0.63               30.87 |
|17        Pumpkin             32           1.02               32.64 |
|18           Pear             48           0.71               34.08 |
|19     Watermelon             35           1.23               43.05 |
----------------------------------------------------------------------
