Pradiniai duomenys
----------------------------------------------------------------------
|     Product Name       Quantity          Price         Total Price |
|--------------------------------------------------------------------|
|1       Cucumber             30           0.66                19.8  |
|2          Lemon             25           0.23                5.75  |
|3     Champignon             40           0.43                17.2  |
|4         Tomato             31           0.59               18.29  |
|5         Potato             25            0.4                  10  |
|6         Carrot             49           0.63               30.87  |
|7          Apple             33           0.77               25.41  |
|8           Pear             48           0.71               34.08  |
|9      Pineapple             34           0.42               14.28  |
|10          Peach             34           0.73               24.82  |
|11        Avocado             22           1.15                25.3  |
|12     Grapefruit             33           0.78               25.74  |
|13        Pumpkin             32           1.02               32.64  |
|14     Watermelon             35           1.23               43.05  |
|15          Melon             27           1.03               27.81  |
|16          Onion             26           0.52               13.52  |
|17          Chili             26           0.48               12.48  |
|18         Banana             33           0.53               17.49  |
|19           Beet             47           0.44               20.68  |
|20          Mango             27           0.56               15.12  |
|21     Strawberry             43           0.19                8.17  |
|22         Orange             37           0.41               15.17  |
|23      Blueberry             23           0.18                4.14  |
|24      Asparagus             35           1.47               51.45  |
|25       Tamarind             27           1.02               27.54  |
|26         Garlic             50           0.36                  18  |
|27        Cabbage             20           1.09                21.8  |
|28         Radish             23           0.29                6.67  |
|29       Broccoli             24           0.66               15.84  |
|30       Zucchini             22           0.89               19.58  |
-----------------------------------------------------------------------

Rezultatai
----------------------------------------------------------------------
|     Product Name       Quantity          Price         Total Price |
|--------------------------------------------------------------------|
|1      Blueberry             23           0.18                4.14 |
|2          Lemon             25           0.23                5.75 |
|3         Radish             23           0.29                6.67 |
|4     Strawberry             43           0.19                8.17 |
|5         Potato             25            0.4                  10 |
|6          Chili             26           0.48               12.48 |
|7          Onion             26           0.52               13.52 |
|8      Pineapple             34           0.42               14.28 |
|9          Mango             27           0.56               15.12 |
|10         Orange             37           0.41               15.17 |
|11       Broccoli             24           0.66               15.84 |
|12     Champignon             40           0.43                17.2 |
|13         Banana             33           0.53               17.49 |
|14         Garlic             50           0.36                  18 |
|15         Tomato             31           0.59               18.29 |
|16       Zucchini             22           0.89               19.58 |
|17       Cucumber             30           0.66                19.8 |
|18           Beet             47           0.44               20.68 |
|19        Cabbage             20           1.09                21.8 |
|20          Peach             34           0.73               24.82 |
|21        Avocado             22           1.15                25.3 |
|22          Apple             33           0.77               25.41 |
|23     Grapefruit             33           0.78               25.74 |
|24       Tamarind             27           1.02               27.54 |
|25          Melon             27           1.03               27.81 |
|26         Carrot             49           0.63               30.87 |
|27        Pumpkin             32           1.02               32.64 |
|28           Pear             48           0.71               34.08 |
|29     Watermelon             35           1.23               43.05 |
|30      Asparagus             35           1.47               51.45 |
----------------------------------------------------------------------
