Pradiniai duomenys
----------------------------------------------------------------------
|     Product Name       Quantity          Price         Total Price |
|--------------------------------------------------------------------|
|1       Cucumber             30          10.66               319.8  |
|2          Lemon             25          30.23              755.75  |
|3     Champignon             40          40.43              1617.2  |
|4         Tomato             31          50.59             1568.29  |
|5         Potato             25           40.4                1010  |
|6         Carrot             49          10.63              520.87  |
|7          Apple             33           9.77              322.41  |
|8           Pear             48          31.71             1522.08  |
|9      Pineapple             34          42.42             1442.28  |
|10          Peach             34          17.73              602.82  |
|11        Avocado             22          10.15               223.3  |
|12     Grapefruit             33          45.78             1510.74  |
|13        Pumpkin             32          31.02              992.64  |
|14     Watermelon             35          18.23              638.05  |
|15          Melon             27          41.03             1107.81  |
|16          Onion             26          16.52              429.52  |
|17          Chili             26          65.48             1702.48  |
|18         Banana             33          10.53              347.49  |
|19           Beet             47          50.44             2370.68  |
|20          Mango             27          40.56             1095.12  |
|21     Strawberry             43          47.19             2029.17  |
|22         Orange             37          20.41              755.17  |
|23      Blueberry             23          20.18              464.14  |
|24      Asparagus             35          81.47             2851.45  |
|25       Tamarind             27          20.02              540.54  |
|26         Garlic             50           8.36                 418  |
|27        Cabbage             20          11.09               221.8  |
|28         Radish             23          30.29              696.67  |
|29       Broccoli             24          10.66              255.84  |
|30       Zucchini             22          20.89              459.58  |
-----------------------------------------------------------------------

Rezultatu nera.